Into The Wind Kites Units Sold,,,,,,,,,,,,,
Product/Month,Jan,Feb,Mar,Apr,May,Jun,Jul,Aug,Sep,Oct,Nov,Dec,Total
Carlota,18,24,40,14,47,6,8,17,43,47,47,16,327
Yanaki,8,23,49,31,5,19,27,15,29,46,39,32,323
Aspen,2,46,32,48,15,14,4,25,44,15,33,8,286
Sunset,21,38,25,19,22,4,19,30,44,47,11,19,299
Delicate Arch,17,38,45,19,33,26,45,13,48,47,12,21,364
Bellen,26,18,14,47,39,31,34,5,5,7,27,31,284
Total,92,187,205,178,161,100,137,105,213,209,169,127,1883